0 0 1 2 8 4 3 5 9 6 10 12 7 11 13 14 15 
1 0 1 4 2 8 3 5 9 6 10 12 7 11 13 14 15 
2 0 1 4 8 2 3 5 9 6 10 12 7 11 13 14 15 
3 0 1 8 2 4 3 5 9 6 12 10 7 11 13 14 15 
4 0 1 8 4 2 3 5 9 6 12 10 7 11 13 14 15 
5 0 2 1 4 8 3 5 9 6 12 10 7 11 13 14 15 
6 0 2 1 8 4 3 5 9 6 12 10 7 11 13 14 15 
7 0 2 4 1 8 3 5 9 10 6 12 7 11 13 14 15 
8 0 2 4 8 1 3 5 9 10 6 12 7 11 13 14 15 
9 0 2 8 1 4 3 5 9 10 6 12 7 11 13 14 15 
10 0 2 8 4 1 3 5 9 10 6 12 7 11 13 14 15 
11 0 4 1 2 8 3 5 9 10 12 6 7 11 13 14 15 
12 0 4 1 8 2 3 5 9 10 12 6 7 11 13 14 15 
13 0 4 2 1 8 3 5 9 10 12 6 7 11 13 14 15 
14 0 4 2 8 1 3 5 9 10 12 6 7 11 13 14 15 
15 0 4 8 1 2 3 5 9 12 6 10 7 11 13 14 15 
16 0 4 8 2 1 3 5 9 12 6 10 7 11 13 14 15 
17 0 8 1 2 4 3 5 9 12 6 10 7 11 13 14 15 
18 0 8 1 4 2 3 5 9 12 6 10 7 11 13 14 15 
19 0 8 2 1 4 3 5 9 12 10 6 7 11 13 14 15 
20 0 8 2 4 1 3 5 9 12 10 6 7 11 13 14 15 
21 0 8 4 1 2 3 5 9 12 10 6 7 11 13 14 15 
22 0 8 4 2 1 3 5 9 12 10 6 7 11 13 14 15 
23 0 1 2 4 8 3 5 10 6 9 12 7 11 14 13 15 
24 0 1 2 8 4 3 5 10 6 9 12 7 11 14 13 15 
25 0 1 4 2 8 3 5 10 6 9 12 7 11 14 13 15 
26 0 1 4 8 2 3 5 10 6 9 12 7 11 14 13 15 
27 0 1 8 2 4 3 5 10 6 12 9 7 11 14 13 15 
28 0 1 8 4 2 3 5 10 6 12 9 7 11 14 13 15 
29 0 2 1 4 8 3 5 10 6 12 9 7 11 14 13 15 
30 0 2 1 8 4 3 5 10 6 12 9 7 11 14 13 15 
31 0 2 4 1 8 3 5 10 9 6 12 7 11 14 13 15 
32 0 2 4 8 1 3 5 10 9 6 12 7 11 14 13 15 
33 0 2 8 1 4 3 5 10 9 6 12 7 11 14 13 15 
34 0 2 8 4 1 3 5 10 9 6 12 7 11 14 13 15 
35 0 4 1 2 8 3 5 10 9 12 6 7 11 14 13 15 
36 0 4 1 8 2 3 5 10 9 12 6 7 11 14 13 15 
37 0 4 2 1 8 3 5 10 9 12 6 7 11 14 13 15 
38 0 4 2 8 1 3 5 10 9 12 6 7 11 14 13 15 
39 0 4 8 1 2 3 5 10 12 6 9 7 11 14 13 15 
40 0 4 8 2 1 3 5 10 12 6 9 7 11 14 13 15 
41 0 8 1 2 4 3 5 10 12 6 9 7 11 14 13 15 
42 0 8 1 4 2 3 5 10 12 6 9 7 11 14 13 15 
43 0 8 2 1 4 3 5 10 12 9 6 7 11 14 13 15 
44 0 8 2 4 1 3 5 10 12 9 6 7 11 14 13 15 
45 0 8 4 1 2 3 5 10 12 9 6 7 11 14 13 15 
46 0 8 4 2 1 3 5 10 12 9 6 7 11 14 13 15 
47 0 1 2 4 8 3 5 12 6 9 10 7 13 11 14 15 
48 0 1 2 8 4 3 5 12 6 9 10 7 13 11 14 15 
49 0 1 4 2 8 3 5 12 6 9 10 7 13 11 14 15 
50 0 1 4 8 2 3 5 12 6 9 10 7 13 11 14 15 
51 0 1 8 2 4 3 5 12 6 10 9 7 13 11 14 15 
52 0 1 8 4 2 3 5 12 6 10 9 7 13 11 14 15 
53 0 2 1 4 8 3 5 12 6 10 9 7 13 11 14 15 
54 0 2 1 8 4 3 5 12 6 10 9 7 13 11 14 15 
55 0 2 4 1 8 3 5 12 9 6 10 7 13 11 14 15 
56 0 2 4 8 1 3 5 12 9 6 10 7 13 11 14 15 
57 0 2 8 1 4 3 5 12 9 6 10 7 13 11 14 15 
58 0 2 8 4 1 3 5 12 9 6 10 7 13 11 14 15 
59 0 4 1 2 8 3 5 12 9 10 6 7 13 11 14 15 
60 0 4 1 8 2 3 5 12 9 10 6 7 13 11 14 15 
61 0 4 2 1 8 3 5 12 9 10 6 7 13 11 14 15 
62 0 4 2 8 1 3 5 12 9 10 6 7 13 11 14 15 
63 0 4 8 1 2 3 5 12 10 6 9 7 13 11 14 15 
64 0 4 8 2 1 3 5 12 10 6 9 7 13 11 14 15 
65 0 8 1 2 4 3 5 12 10 6 9 7 13 11 14 15 
66 0 8 1 4 2 3 5 12 10 6 9 7 13 11 14 15 
67 0 8 2 1 4 3 5 12 10 9 6 7 13 11 14 15 
68 0 8 2 4 1 3 5 12 10 9 6 7 13 11 14 15 
69 0 8 4 1 2 3 5 12 10 9 6 7 13 11 14 15 
70 0 8 4 2 1 3 5 12 10 9 6 7 13 11 14 15 
71 0 1 2 4 8 3 6 5 9 10 12 7 13 14 11 15 
72 0 1 2 8 4 3 6 5 9 10 12 7 13 14 11 15 
73 0 1 4 2 8 3 6 5 9 10 12 7 13 14 11 15 
74 0 1 4 8 2 3 6 5 9 10 12 7 13 14 11 15 
75 0 1 8 2 4 3 6 5 9 12 10 7 13 14 11 15 
76 0 1 8 4 2 3 6 5 9 12 10 7 13 14 11 15 
77 0 2 1 4 8 3 6 5 9 12 10 7 13 14 11 15 
78 0 2 1 8 4 3 6 5 9 12 10 7 13 14 11 15 
79 0 2 4 1 8 3 6 5 10 9 12 7 13 14 11 15 
80 0 2 4 8 1 3 6 5 10 9 12 7 13 14 11 15 
81 0 2 8 1 4 3 6 5 10 9 12 7 13 14 11 15 
82 0 2 8 4 1 3 6 5 10 9 12 7 13 14 11 15 
83 0 4 1 2 8 3 6 5 10 12 9 7 13 14 11 15 
84 0 4 1 8 2 3 6 5 10 12 9 7 13 14 11 15 
85 0 4 2 1 8 3 6 5 10 12 9 7 13 14 11 15 
86 0 4 2 8 1 3 6 5 10 12 9 7 13 14 11 15 
87 0 4 8 1 2 3 6 5 12 9 10 7 13 14 11 15 
88 0 4 8 2 1 3 6 5 12 9 10 7 13 14 11 15 
89 0 8 1 2 4 3 6 5 12 9 10 7 13 14 11 15 
90 0 8 1 4 2 3 6 5 12 9 10 7 13 14 11 15 
91 0 8 2 1 4 3 6 5 12 10 9 7 13 14 11 15 
92 0 8 2 4 1 3 6 5 12 10 9 7 13 14 11 15 
93 0 8 4 1 2 3 6 5 12 10 9 7 13 14 11 15 
94 0 8 4 2 1 3 6 5 12 10 9 7 13 14 11 15 
95 0 1 2 4 8 3 6 9 5 10 12 7 14 11 13 15 
